725056
7005768
12400017
12400025
12400033
12400041
12400050
12400068
12400076
12400084
12400092
12400114
12400122
12400130
12400157
12400165
12400181
12400190
12400203
12400211
12400238
12400246
12400254
12400262
12400270
12400289
12400297
12400300
12400319
12400327
12400335
12400343
12400351
12400360
12400378
12400386
12400408
12400416
12400424
12400432
12400440
12400467
12400475
12400483
12400491
12400505
12400513
12400521
12400530
12400548
12400556
12400564
12400572
12400580
12400599
12400610
12400629
12400637
12400645
12400653
12400661
12400670
12400688
12400696
12400718
12400726
12400742
12400793
12400807
12400815
12400823
12400840
12400858
12400874
12400882
12400890
12400904
12400920
12400939
12400947
12400955
12400971
12400998
12401005
12401013
12401021
12401030
12401048
12401056
12401064
12401072
12401080
12401099
12401102
12401110
12401137
12401145
12401153
12401161
12401170
12401188
12401196
12401200
12401218
12401226
12401234
12401242
12401250
12401269
12401277
12401293
12401307
12401315
12401323
12401331
12401340
12401358
12401366
12401374
12401382
12401390
12401412
12401420
12401439
12401455
12401463
12401480
12401498
12401501
12401528
12401536
12401609
12401617
12401625
12401633
12401641
12401668
12401676
12401714
12401722
12401730
12401757
12401781
12401803
12401811
12401820
12401838
12401846
12401854
12401862
12401870
12401889
12401897
12401935
12401943
12401986
12401994
12402010
12402028
12402036
12402060
12402079
12402095
12402109
12402125
12402133
12402141
12402150
12402168
12402176
12402184
12402192
12402206
12402257
12402265
12402273
12402290
12402311
12402320
12402346
12402354
12402362
12402389
12402419
12402427
12402435
12402443
12402460
12402478
12402486
12402494
12402508
12402524
12402532
12402559
12402567
12402575
12402583
12402591
12402605
12402613
12402630
12402648
12402664
12402699
12402702
12402745
12402753
12402761
12402796
12402800
12402818
12402826
12402842
12402877
12402885
12402923
12402931
12402958
12402966
12402974
12402982
12402990
12403008
12403016
12403032
12403040
12403067
12403083
12403113
12403130
12403148
12403156
12403164
12403172
12403180
12403199
12403245
12403270
12403296
12403300
12403326
12403334
12403342
12403350
12403393
12403407
12403415
12403431
12403458
12403474
12403482
12403504
12403512
12403539
12403547
12403555
12403580
12403598
12403601
12403610
12403628
12403652
12403741
12403750
12403768
12403776
12403830
12403865
12403903
12403911
12403938
12403946
12403962
12403970
12403989
12404012
12404039
12404080
12404110
12404144
12404179
12404187
12404195
12404209
12404217
12404225
12404241
12404250
12404276
12404349
12404365
12404438
12404446
12404489
12404497
12404500
12404519
12404527
12404543
12404578
12404608
12404616
12404624
12404632
12404640
12404659
12404667
12404675
12404683
12404691
12404705
12404713
12404721
12404730
12404748
12404756
12404764
12404772
12404780
12404799
12404802
12404810
12404829
12404837
12404845
12404853
12404861
12404870
12404888
12404896
12404900
12404918
12404934
12404993
12405027
12405060
12405124
12405140
12405159
12405167
12405191
12405221
12405388
12405515
12405582
12405590
12405710
12405736
12405825
12405833
12405884
12405930
12405990
12406023
12406082
12406112
12406120
12406201
12406228
12406236
12406279
12406287
12406317
12406368
12406430
12406457
12406503
12406511
12406643
12406732
12406791
12406813
12406830
12406848
12406856
12406864
12406899
12406929
12406970
12406988
12407011
12407046
12407062
12407127
12407135
12407143
12407178
12407186
12407232
12407240
12407291
12407305
12407348
12407380
12407399
12407453
12407461
12407488
12407526
12407577
12407607
12407631
12407674
12407747
12407771
12407798
12407925
12407984
12408000
12408034
12408077
12408107
12408123
12408166
12408190
12408310
12408441
12408565
12408654
12408670
12408727
12408743
12408794
12408875
12408913
12408921
12408948
12408956
12409006
12409022
12409251
12409260
12409294
12409340
12409359
12409723
12409766
12409782
12409820
12409847
12409863
12409871
12409910
12409944
12409995
12410039
12410284
12410292
12410330
12410438
12410462
12410659
12410667
12410748
12410756
12410764
12410772
12410799
12410810
12410829
12410837
12410845
12410853
12410861
12410870
12410977
12410993
12411027
12411078
12411094
12411175
12411213
12411248
12411256
12411353
12411396
12411400
12411426
12411540
12411566
12411620
12411710
12411736
12411760
12411779
12411787
12411841
12411868
12411876
12411981
12412007
12412023
12412031
12412040
12412082
12412120
12412147
12412201
12412228
12412244
12412252
12412279
12412287
12412295
12412309
12412350
12412392
12412449
12412473
12412503
12412562
12412627
12412791
12412805
12412813
12412821
12412848
12412856
12412910
12413100
12413194
12413208
12413259
12413267
12413291
12413321
12413330
12413372
12413410
12413429
12413437
12413445
12413461
12413577
12413739
12413780
12413798
12413801
12413836
12414093
12414204
12414255
12414344
12414352
12414360
12414387
12414573
12414611
12414697
12414727
12414735
12414786
12414794
12414816
12414980
12415022
12415030
12415170
12415219
12415235
12415251
12415260
12415316
12415324
12415340
12415359
12415375
12415472
12415499
12415561
12415618
12415642
12415669
12415693
12415715
12415723
12415740
12415758
12415766
12415782
12415804
12415847
12415855
12415871
12415880
12415898
12415936
12415944
12415979
12415987
12416118
12416134
12416150
12416169
12416207
12416215
12416304
12416347
12416355
12416363
12416444
12416533
12416614
12416657
12416738
12416789
12416843
12416924
12416967
12417068
12417076
12417106
12417122
12417130
12417157
12417165
12417181
12417211
12417254
12417262
12417270
12417289
12417297
12417319
12417327
12417351
12417394
12417424
12417440
12417483
12417513
12417548
12417572
12417645
12417696
12417718
12417726
12417750
12417823
12417866
12417874
12418005
12418030
12418064
12418072
12418170
12418218
12418277
12418412
12418528
12418536
12418552
12418560
12418579
12418668
12418684
12418692
12418706
12418714
12418722
12418757
12418765
12418773
12418811
12418820
12418854
12418889
12418897
12418900
12418943
12418951
12418960
12418978
12418986
12418994
12419001
12419010
12419044
12419052
12419079
12419087
12419095
12419125
12419133
12419192
12419206
12419214
12419222
12419230
12419249
12419257
12419320
12419354
12419370
12419427
12419443
12419460
12419559
12419583
12419613
12419621
12419648
12419699
12419761
12419958
12419966
12419982
12420018
12420050
12420069
12420077
12420115
12420131
12420158
12420166
12420174
12420182
12420190
12420204
12420220
12420255
12420263
12420271
12420298
12420310
12420328
12420352
12420360
12420379
12420387
12420425
12420433
12420468
12420492
12420514
12420646
12420654
12420697
12420719
12420743
12420778
12420832
12420891
12420921
12420930
12420948
12420956
12420999
12421006
12421014
12421022
12421030
12421049
12421057
12421065
12421081
12421090
12421111
12421120
12421154
12421162
12421170
12421189
12421197
12421766
12421898
12421901
12422312
12422355
12422380
12422614
12422754
12422819
12423130
12423149
12423157
12423165
12423173
12423270
12423491
12423521
12423572
12423580
12423599
12423610
12423661
12423670
12423688
12423858
12424048
12424056
12424064
12424072
12424080
12424099
12424102
12424110
12424129
12424145
12424153
12424161
12424170
12424188
12424196
12424200
12424218
12424242
12424250
12424315
12424340
12424358
12424374
12424382
12424390
12424447
12424471
12424544
12424560
12424579
12424595
12424609
12424617
12424625
12424633
12424641
12424650
12424668
12424676
12424684
12424692
12424706
12424714
12424722
12424730
12424749
12424765
12424773
12424781
12424790
12424803
12424811
12424820
12424846
12424862
12424870
12424897
12424900
12424919
12424927
12424943
12424951
12424960
12424994
12425001
12425036
12425052
12425079
12425087
12425109
12425117
12425125
12425133
12425141
12425150
12425168
12425176
12425184
12425192
12425222
12425230
12425249
12425257
12425281
12425290
12425303
12425311
12425338
12425346
12425354
12425362
12425370
12425397
12425400
12425419
12425516
12425605
12425613
12425621
12425990
12426210
12426229
12426237
12426253
12426466
12426512
12426520
12426539
12426547
12426555
12426563
12426580
12426610
12426628
12426636
12426644
12426687
12426695
12426709
12426717
12426733
12426768
12426776
12426784
12426792
12426814
12426849
12426881
12426890
12426903
12426911
12426938
12426962
12426970
12426989
12426997
12427004
12427012
12427020
12427039
12427055
12427098
12427110
12427160
12427349
12427454
12427462
12427497
12427500
12427519
12427527
12427535
12427560
12427578
12427608
12427616
12427624
12427632
12427640
12427659
12427667
12427675
12427691
12427705
12427721
12427730
12427748
12427764
12427780
12427810
12427853
12427861
12428582
12428620
12428647
12428655
12428663
12428680
12428736
12428744
12428779
12428809
12428825
12428868
12428876
12428884
12428914
12428922
12428930
12428949
12428957
12429007
12429058
12429090
12429147
12429155
12429180
12429198
12429201
12429210
12429228
12429252
12429279
12429287
12429309
12429368
12429406
12429422
12429449
12429473
12429481
12429503
12429520
12429546
12429554
12429570
12429600
12429643
12429651
12429678
12429708
12429716
12429740
12429767
12429791
12429805
12429821
12429899
12429961
12429970
12430013
12430021
12430030
12430056
12430080
12430099
12430218
12430226
12430234
12430242
12430285
12430331
12430366
12430390
12430420
12430455
12430463
12430480
12430536
12430552
12430625
12430633
12430641
12430668
12430765
12430838
12430846
12430854
12430889
12430900
12430927
12430935
12430943
12430951
12430978
12430986
12430994
12431052
12431060
12431079
12431095
12431141
12431168
12431214
12431249
12431265
12431320
12431370
12431435
12431443
12431460
12431478
12431486
12431508
12431524
12431575
12431583
12431591
12431621
12431630
12431656
12431664
12431672
12431680
12431699
12431710
12431729
12431737
12431761
12431770
12431788
12431800
12431826
12431834
12431842
12431885
12431893
12431923
12431940
12431958
12431974
12431982
12431990
12432008
12432024
12432040
12432059
12432067
12432105
12432113
12432164
12432172
12432202
12432210
12432229
12432237
12432245
12432253
12432261
12432300
12432318
12432342
12432350
12432377
12432385
12432407
12432415
12432458
12432474
12432504
12432520
12432580
12432610
12432652
12432660
12432709
12432725
12432741
12432784
12432881
12432962
12432997
12433128
12433152
12433357
12433390
12433420
12433438
12433470
12433500
12433519
12433535
12433543
12433578
12433586
12433594
12433640
12433683
12433756
12433764
12433810
12433900
12433918
12433969
12433977
12434086
12434124
12434183
12434337
12434400
12434434
12434485
12434523
12434540
12434566
12434582
12434590
12434647
12434710
12434760
12434787
12434809
12434868
12434876
12434914
12434949
12434965
12434990
12435066
12435074
12435163
12435180
12435198
12435309
12435325
12435376
12435392
12435406
12435414
12435430
12435465
12435538
12435600
12435716
12435791
12435872
12435961
12436194
12436224
12436283
12436291
12436305
12436569
12436577
12436593
12436607
12436623
12436666
12436704
12436771
12436828
12436887
12436895
12436917
12436925
12436950
12436968
12436992
12437000
12437018
12437026
12437034
12437042
12437417
12437522
12437611
12437743
12437760
12437883
12437999
12438022
12438103
12438138
12438146
12438219
12438316
12438383
12438405
12438413
12438430
12438499
12438561
12438642
12438774
12438987
12439096
12439100
12439177
12439231
12439312
12439398
12439681
12439797
12439827
12439924
12439975
12440019
12440043
12440094
12440108
12440310
12440426
12440515
12440566
12440612
12440647
12440710
12440930
12441066
12441120
12441139
12441155
12441163
12441171
12441198
12441228
12441236
12441252
12441333
12441341
12441350
12441422
12441481
12441627
12441708
12441732
12441767
12441791
12441996
12442046
12442100
12442143
12442186
12442194
12442208
12442259
12442283
12442305
12442330
12442399
12442402
12442410
12442429
12442437
12442453
12442488
12442496
12442607
12442623
12442658
12442666
12442747
12442828
12442925
12442992
12443034
12443050
12443069
12443107
12443115
12443131
12443174
12443182
12443212
12443239
12443247
12443255
12443271
12443298
12443301
12443352
12443417
12443433
12443492
12443530
12443590
12443603
12443638
12443654
12443662
12443697
12443794
12443808
12443883
12443891
12443921
12443930
12443956
12443964
12444014
12444022
12444030
12444049
12444073
12444120
12444189
12444197
12444219
12444227
12444278
12444294
12444308
12444510
12444570
12444596
12444600
12444774
12444944
12445088
12445118
12445126
12445304
12445312
12445380
12445444
12445479
12445614
12445630
12445711
12445851
12445860
12445916
12445975
12445991
12446149
12446262
12446270
12446300
12446327
12446335
12446726
12446742
12446769
12446785
12447099
12447102
12447145
12447161
12447200
12447218
12447269
12447323
12447366
12447420
12447498
12447714
12447757
12447854
12447935
12447960
12447978
12448176
12448192
12448443
12448613
12449032
12449229
12449237
12449253
12449377
12449415
12449539
12449865
12449881
12449911
12450065
12450235
12450286
12450308
12450480
12450545
12450561
12450588
12450596
12450626
12451053
12451061
12451185
12451266
12451320
12451371
12451487
12451509
12451517
12451576
12451592
12451681
12451711
12451754
12452360
12452432
12452459
12452513
12452580
12452602
12452670
12452858
12452912
12452955
12452963
12452998
12453005
12453153
12453234
12453374
12453455
12453471
12453617
12453676
12453684
12453714
12453722
12453820
12454001
12454036
12454060
12454311
12454346
12454354
12454419
12454435
12454443
12454478
12454540
12454567
12454575
12454605
12454613
12454656
12454672
12454680
12454699
12454737
12454770
12454796
12454850
12454869
12454923
12454974
12454982
12454990
12455091
12455113
12455156
12455164
12455288
12455539
12455695
12455717
12455830
12456047
12456195
12456560
12456705
12457299
12457310
12457337
12457353
12457361
12457388
12457477
12457531
12457582
12457671
12458015
12458031
12458104
12458260
12458279
12458465
12458481
12458520
12458589
12458651
12458660
12458805
12458864
12458872
12458970
12459011
12459020
12459038
12459070
12459143
12459186
12459283
12459321
12459348
12459372
12459488
12459631
12459771
12459798
12459828
12459895
12459968
12460044
12460095
12460214
12460516
12460567
12460575
12460745
12460796
12460966
12461113
12461229
12461423
12461466
12461695
12461750
12461784
12461814
12461911
12462004
12462209
12462322
12462586
12462667
12462772
12462934
12462942
12463841
12463965
12464228
12464295
12464309
12464406
12464589
12464597
12464600
12464775
12464988
12465070
12465410
12465429
12465500
12465593
12465607
12465640
12466360
12466409
12466565
12466573
12466735
12466743
12466980
12467243
12467260
12467316
12467634
12467820
12467871
12467880
12467936
12468029
12468096
12468185
12468193
12468266
12468290
12468347
12468398
12468428
12468479
12468495
12468517
12468606
12468622
12468630
12468657
12468681
12468711
12468720
12468789
12468819
12468843
12468860
12469130
12469343
12469360
12469386
12469467
12469521
12469530
12469548
12469556
12469564
12469661
12469742
12469807
12469831
12469939
12469947
12469963
12470015
12470040
12470201
12470260
12470449
12470678
12470716
12470740
12470759
12470767
12470945
12471232
12471275
12471283
12471437
12471585
12471623
12471682
12471704
12471798
12471909
12471917
12471976
12471992
12472077
12472085
12472107
12472204
12472468
12472484
12472506
12472697
12472727
12472778
12472794
12472808
12472891
12472913
12473022
12473049
12473081
12473200
12473227
12473324
12473375
12473383
12473430
12473499
12473502
12473740
12473847
12474142
12474282
12474436
12474444
12474460
12474495
12474533
12474576
12474657
12474851
12474940
12475149
12475165
12475173
12475190
12475254
12475262
12475289
12475394
12475475
12475521
12475530
12475564
12475629
12475637
12475726
12475874
12476226
12476250
12476293
12476412
12476447
12476528
12476552
12476625
12476722
12476749
12476820
12476870
12477079
12477125
12477150
12477354
12477370
12477419
12477664
12477710
12477800
12477826
12477877
12478016
12478113
12478296
12478520
12478580
12478962
12479039
12479055
12479152
12479314
12479330
12479381
12479500
12479705
12479861
12479888
12479934
12480070
12480266
12480274
12480444
12480533
12480673
12480690
12480711
12480860
12480924
12481050
12481076
12481190
12481270
12481300
12481505
12481874
12481947
12482030
12482064
12482498
12483010
12483230
12483338
12483397
12483400
12483494
12483524
12483559
12483834
12483842
12483907
12484105
12484296
12484342
12484350
12484369
12484415
12484504
12484644
12484660
12485020
12485047
12485071
12485098
12485110
12485179
12485241
12485268
12485586
12485594
12485691
12485713
12485721
12485900
12485985
12486531
12486566
12487180
12487678
12487686
12487830
12487848
12487929
12487961
12488003
12488054
12488127
12488330
12488364
12488623
12488739
12489026
12489115
12489409
12489611
12489700
12489719
12490113
12490253
12490300
12490334
12490709
12490717
12490725
12490733
12490865
12490873
12490920
12491152
12491187
12491381
12491969
12491977
12492400
12492485
12492523
12492540
12492710
12492779
12492787
12492850
12493007
12493066
12493236
12493279
12493490
12493538
12493570
12493724
12493775
12494135
12494216
12494224
12494267
12494275
12494283
12494399
12494550
12495000
12495468
12495549
12495590
12495786
12495867
12496308
12496383
12496634
12496855
12497177
12497428
12497533
12497916
12498068
12498270
12498548
12498556
12498564
12498572
12498610
12498661
12498840
12499196
12499285
12499358
12499463
12499536
153105268
153105400
153110983
350105205
561000205
561000639
561001252
561001325
561001562
561001627
561001660
561001678
561001686
561002291
561002399
561002461
561002640
561002852
561002895
561005347
561005860
561005916
561006033
561006050
561006122
561006203
561006416
561006580
561006670
561006718
561007099
561007390
561007501
561007510
561007528
561007749
561007773
561007870
561007935
561008125
561008176
561008370
561008419
561008559
561008702
561008877
561009083
561009199
561009237
561009334
561009350
561009784
561009903
561010057
561013927
561014109
561014346
561014770
561015512
561015555
561015822
561015962
561016578
561016772
561017167
561017329
561017922
561018414
561020176
561021113
561022055
561022659
